a=10000/(400+6*500);
b=(270^(1/3))*(690+876);
c=(500*(645+7843))/(45+9);
d=(21+78)/((43^(1/2))+80^3);